0,273
0,270
10,138
10,224
10,150
10,300
10,294
10,176
10,268
55,4
55,3
55,2
55,1
55,0
54,4
54,3
11,30
11,7
54,2
54,1
54,0
53,4
53,3
53,2
8,10
53,1
53,0
50,3
50,2
50,1
50,0
12,3
12,2
12,1
11,29
11,28
11,26
11,23
11,21
11,20
11,18
11,17
11,16
11,14
11,12
11,10
11,9
11,6
11,5
11,4
11,3
11,2
11,1
10,315
10,308
10,298
10,296
10,280
10,273
10,257
20,2
10,254
20,1
10,252
20,3
10,236
19,2
19,1
10,227
19,3
10,203
10,198
10,186
10,184
10,178
10,172
10,109
10,96
18,1
10,94
10,82
18,3
14,1
10,27
10,3
10,2
14,3
10,1
9,7
9,6
13,1
9,5
9,4
9,3
13,3
9,2
9,1
8,18
8,17
8,16
8,15
8,14
8,12
8,11
8,9
8,8
8,7
